5.629080207481599700e+02
8.701598397585297562e+02
2.564185023712486782e+02
1.462431954809374929e+03
1.765882769234449938e+02
1.355744329084436004e+03
1.437073594552498889e+03
1.619323346447963104e+03
1.542694770965061025e+03
1.299752038382812998e+03
1.922147928386563080e+03
4.981664984329947856e+02
1.586518417075353909e+03
9.081956376821643744e+02
2.974195468750597797e+02
1.174086078335004913e+03
2.845380540835208762e+02
5.225597827969407945e+02
8.790595359684443793e+02
1.577444339257039928e+03
1.968865000895312960e+03
3.416168566805437194e+02
1.616370231307495033e+03
2.363055387426886966e+02
7.472994916020987830e+02
1.777119860131298992e+03
1.291226693674358899e+02
4.570184208043961007e+02
1.149853268896401914e+03
1.538613386458779928e+02
1.756764494239893111e+03
1.339452268020432939e+03
1.704515826237345891e+03
1.441354969974931009e+03
1.951102554475329043e+03
1.854954739233686951e+03
1.409255395092020080e+03
9.706209167221312555e+02
1.987664205318588074e+03
8.517200772808741931e+02
1.156608476227140955e+03
1.365922531397469868e+02
5.305201851812593077e+02
1.388840290216888889e+03
1.432597564619028958e+02
9.133086028072248155e+02
6.837207470864092329e+02
1.720268616386814983e+03
1.125066571272353031e+03
7.001010133532321333e+02
