1.252900578987186930e-01
5.194583177268134733e-02
1.514335471809052924e-01
6.246336150740604970e-02
1.600201295522070133e-01
4.054316154754351170e-02
1.187199566079849972e-01
8.441965100766885000e-02
1.093257657180209952e-01
1.436013029141093057e-03
1.465018499847033084e-01
7.238596312505102270e-02
1.865863782732896103e-01
9.300445877870207323e-02
1.296641910188008062e-01
2.115537615457478010e-02
1.371926182783058112e-01
1.794883005471100135e-01
1.618568791039300958e-01
1.750389367541058117e-01
9.648467332091563431e-02
9.697086712021887878e-02
1.608067119932569122e-01
6.600359698962886268e-02
1.494326726355902912e-01
1.775232451172064907e-01
6.033739825527254658e-02
8.568665655815325966e-02
2.070863924508679899e-02
4.693875403111707340e-02
5.815047904845416921e-02
8.506666521256731062e-02
1.187303679568575965e-01
8.839997029360455172e-02
3.366019701918335910e-02
1.104211631376050967e-01
7.084040393002039027e-02
8.618079992158092506e-02
1.444074934844029878e-01
6.325871641554364766e-02
1.263304498942549037e-01
5.807508892730089273e-02
1.315036902297598009e-01
1.243607077052373971e-01
1.813847619926008126e-01
6.402339794512067195e-03
9.408659573704568346e-02
2.357480298508965108e-02
1.927711176890863076e-01
1.267812363592739078e-01
