6.267665689978831620e-04
7.550046275935536066e-04
4.322477971341878917e-04
2.085417836654618090e-04
1.832559573547686005e-03
1.038211017776285907e-03
1.271380707249411936e-03
9.432303522787367604e-04
9.962934779258744505e-05
1.849552585872859959e-03
1.413174711879080971e-03
1.358008602433406938e-03
3.583014899417436667e-05
7.963219967716429889e-04
1.937384547553689079e-04
1.951248285682018126e-04
9.543886443144107687e-04
9.892673540853290370e-04
1.443999028380204067e-03
5.973860885329740182e-04
1.917855167150446039e-03
1.561300524223409964e-03
1.664500707344992005e-03
4.994662375257117237e-04
1.920462293887459024e-03
1.985370767035561992e-03
1.177136849769735982e-03
1.395366902769149898e-03
6.811555480536307097e-04
1.482928153248700082e-03
1.443895526565551956e-03
8.588403455200395919e-04
1.324559797669070012e-03
1.060137061913666093e-03
1.707121844014887957e-03
1.529504658541742945e-03
1.264651054839493940e-03
3.135483578826620096e-04
1.762519616284579076e-03
4.713183390822588831e-04
1.147700602348451044e-03
5.553703448922323038e-04
1.697660701692452982e-03
1.186271907322316996e-04
8.507301156949826281e-04
1.220497378717478893e-03
2.302306792112268088e-04
1.526323974950036071e-03
5.077206882733625902e-04
1.102202842682442098e-03
